Belinda Albert
0 12
0 3
0 3
0 3
0 3
1
11
12
0 18
0 2
0 2
0 14
0 3
0 2
0 5
0 15
1
10
11
0 9
0 13
0 2
0 4
1
12
14
0 3
0 2
0 4
0 5
1
10
14
0 4
0 2
0 7
1
14
10
0 14
0 15
0 2
0 2
0 19
0 3
0 11
0 3
1
14
14
0 11
0 2
0 12
0 19
0 0
0 22
14
14
0 4
0 3
0 3
1
10
14
0 20
0 2
0 22
14
0 22
14
0 10
0 6
0 6
0 5
0 15
0 16
1
11
15
16
0 1
0 17
0 3
0 22
14
0 5
0 4
0 9
0 22
10
0 10
0 22
14
14
0 13
0 11
0 12
0 4
0 11
1
12
14
0 9
1
14
10
0 4
0 6
1
10
14
0 1
0 4
0 9
0 22
14
10
0 22
14
14
0 10
0 3
0 2
0 17
0 14
1
11
14
0 22
14
14
0 8
0 8
0 0
0 7
1
10
11
0 22
14
14
0 3
0 16
0 13
0 3
0 6
1
14
10
0 12
0 2
0 22
0 4
0 16
1
11
13
0 8
1
10
11
0 2
0 17
0 22
14
14
0 2
0 2
1
10
11
0 22
14
14
0 2
0 22
14
14
0 22
14
14
0 3
0 10
0 17
1
14
10
0 22
14
0 20
1
13
0 22
