Belinda Albert
0 7
0 3
0 5
0 2
0 22
12
13
0 1
0 4
0 2
0 3
0 12
1
12
14
0 0
0 3
0 2
0 22
10
11
0 3
0 22
14
14
0 22
14
14
0 22
14
14
0 22
0 0
0 22
14
14
0 2
0 3
0 3
0 3
1
12
14
0 17
0 8
1
12
14
0 7
0 20
0 6
0 10
0 11
0 2
1
10
14
0 13
0 14
0 13
0 8
0 16
1
10
14
0 22
14
14
0 6
0 16
0 15
0 2
0 2
0 0
1
10
14
0 0
0 2
0 14
0 1
0 11
0 12
0 3
0 5
1
12
0 3
0 2
0 3
0 4
0 12
0 3
0 4
0 14
1
11
0 3
0 12
0 20
0 15
0 10
0 2
0 17
0 6
1
10
15
16
0 4
0 4
0 5
1
10
11
0 6
0 3
0 2
0 2
0 2
0 13
1
10
10
0 1
0 9
0 9
0 3
0 7
1
11
14
0 2
0 16
0 20
0 22
14
14
0 22
14
14
0 15
0 22
10
14
0 14
0 4
0 13
1
10
11
0 22
14
14
0 9
0 10
0 1
0 17
0 3
0 19
0 22
10
14
0 4
0 20
0 0
0 18
0 3
0 22
